125,5
273,3
271,4
272,3
270,3
313,3
312,3
170,3
168,3
327,22
143,23
143,14
317,3
317,2
317,1
317,0
182,3
0,534
339,3
0,447
144,15
144,5
0,393
326,4
326,2
143,40
144,8
144,7
327,0
327,16
0,317
147,4
145,3
326,1
188,8
188,7
188,6
188,5
188,4
188,3
95,3
187,4
166,9
146,3
426,37
426,36
197,18
149,3
150,70
150,69
150,68
150,67
150,40
150,39
197,10
144,11
103,9
150,22
150,21
150,20
150,8
150,7
150,6
249,3
249,4
113,8
63,3
125,3
125,4
62,3
62,6
62,5
62,4
113,12
154,3
153,3
155,3
60,6
60,5
60,10
84,5
51,4
113,11
113,4
246,3
246,4
269,3
159,3
66,7
66,6
66,5
66,4
66,10
66,3
304,3
269,4
52,4
52,3
228,3
138,4
50,4
107,3
202,3
202,4
88,3
322,3
250,3
251,5
250,4
244,3
51,7
51,6
51,5
53,4
51,3
327,14
327,15
327,4
166,3
166,13
166,12
166,11
166,8
166,6
214,14
143,18
143,13
151,3
143,12
52,5
51,9
51,8
143,38
143,10
324,3
323,3
87,3
86,3
87,4
198,4
321,3
320,3
243,3
247,5
244,5
315,3
315,5
315,4
193,4
193,3
110,3
111,5
48,3
426,35
426,2
426,0
78,5
50,5
50,3
14,5
38,13
38,11
38,10
38,9
38,8
38,7
38,6
38,5
38,4
38,2
38,12
121,6
195,3
38,3
73,9
73,6
77,4
75,5
75,3
29,3
73,3
121,15
110,4
111,4
115,3
113,10
113,3
114,6
114,5
114,4
114,3
253,3
253,5
239,3
60,4
252,3
112,3
85,3
84,3
150,80
150,1
150,41
164,411
164,119
164,410
164,296
164,286
164,294
164,116
164,409
164,60
0,314
143,39
143,37
143,35
143,33
164,408
164,122
164,76
164,407
164,285
164,81
164,77
150,52
150,18
164,333
164,332
164,331
165,11
164,16
164,84
164,297
164,15
165,14
214,3
104,15
104,8
104,17
104,10
150,79
150,0
143,47
164,406
164,291
0,503
54,15
54,11
0,572
164,405
0,501
164,295
164,330
143,46
143,45
144,14
164,86
143,5
0,509
164,404
164,403
164,282
0,569
104,22
104,2
197,4
164,402
164,83
103,24
164,401
164,281
54,14
164,329
164,79
164,82
164,288
164,89
164,293
143,31
143,22
143,17
164,19
150,78
144,21
54,8
164,292
0,498
164,327
164,400
164,399
327,21
327,20
327,17
327,8
327,7
164,398
164,397
150,51
150,47
144,27
144,2
0,553
164,59
0,566
144,18
164,290
164,289
144,23
144,22
144,6
197,14
197,11
197,7
197,6
0,470
0,458
0,319
0,313
103,23
104,21
104,0
104,18
103,18
53,3
144,3
0,306
104,3
197,3
0,550
150,3
0,549
172,3
186,3
166,4
185,4
96,3
214,13
214,16
214,10
214,9
150,77
150,2
144,26
138,3
0,547
164,72
164,396
164,395
164,2
164,0
164,284
164,328
164,1
164,326
164,13
164,14
0,557
0,499
103,15
103,14
103,19
103,16
103,8
103,7
150,50
143,44
143,2
164,394
150,27
14,20
164,236
164,228
164,131
164,62
164,233
164,217
164,209
164,202
164,199
164,47
164,27
164,12
164,241
164,235
164,226
164,223
164,207
164,132
164,51
164,34
164,101
164,110
0,302
164,393
164,68
164,392
164,391
164,390
0,500
164,43
164,389
103,22
103,11
164,325
248,5
145,5
164,67
164,388
14,22
150,49
150,26
150,66
150,65
150,64
150,48
150,46
150,38
150,37
150,19
150,16
164,71
164,112
164,387
164,324
150,76
71,4
121,3
111,3
256,5
70,4
70,3
60,11
164,273
0,538
0,318
0,573
164,262
164,276
327,25
327,24
164,69
164,103
327,12
327,10
144,20
164,272
143,30
143,21
164,70
164,66
144,13
0,408
327,13
327,11
150,36
0,531
0,424
165,4
0,563
165,0
0,532
143,43
143,26
0,387
197,20
164,280
181,7
180,3
180,4
164,3
327,19
327,18
164,322
150,75
0,310
0,575
143,29
143,28
0,530
0,527
164,104
143,4
164,271
164,277
164,278
164,279
170,5
152,3
327,3
